<?xml version="1.0" encoding="UTF-8" standalone="no"?>
<!-- Created with Inkscape (http://www.inkscape.org/) -->

<svg
   width="2388.1821"
   height="3874.7388"
   viewBox="0 0 631.87318 1025.1913"
   version="1.1"
   id="svg1"
   xmlns="http://www.w3.org/2000/svg"
   xmlns:svg="http://www.w3.org/2000/svg">
  <defs
     id="defs1" />
  <g
     id="layer1"
     transform="translate(-20.872845,-12.802166)">
    <path
       style="fill:none;stroke:#000000;stroke-width:2.052;stroke-dasharray:none"
       d="m 34.696262,1032.5607 c -7.395565,-12.496 -11.477284,-26.9333 -11.719259,-41.45173 -0.241974,-14.51846 3.356368,-29.08375 10.331408,-41.81925 11.235912,-20.51529 30.336351,-35.31739 48.574767,-49.96262 7.601143,-6.10363 15.219258,-12.36228 21.099952,-20.13718 5.88069,-7.7749 9.94654,-17.31488 9.43276,-27.04975 -0.33585,-6.36354 -2.61647,-12.53642 -6.00539,-17.93297 -3.38892,-5.39654 -7.858698,-10.05244 -12.740371,-14.14838 -9.763346,-8.19189 -21.166846,-14.20726 -31.216858,-22.04481 -5.458922,-4.25717 -10.55846,-9.10951 -14.237143,-14.97386 -3.678683,-5.86435 -5.86512,-12.83246 -5.192765,-19.7224 0.580852,-5.95226 3.275347,-11.59468 7.125645,-16.17092 3.850297,-4.57624 8.815458,-8.12976 14.152691,-10.82804 10.674466,-5.39656 22.671655,-7.41679 34.235682,-10.473 14.441949,-3.8168 28.424449,-9.32694 43.023369,-12.49066 22.57463,-4.89212 46.46516,-4.14821 68.00467,-12.49066 21.95381,-8.50291 39.33703,-25.61735 59.67757,-37.47196 7.13968,-4.16106 14.6779,-7.69299 21.34792,-12.57155 6.67001,-4.87856 12.55587,-11.37808 14.73619,-19.349 1.16355,-4.25374 1.21889,-8.79295 0.26043,-13.09755 -0.95845,-4.30459 -2.92073,-8.37093 -5.61214,-11.86442 -5.38281,-6.98699 -13.6108,-11.53544 -22.27888,-13.16554 -8.66807,-1.6301 -17.73082,-0.46738 -26.02325,2.53733 -8.29243,3.00471 -15.85416,7.7963 -22.67794,13.38457 -9.78203,8.01091 -18.09163,17.63383 -26.73851,26.85848 -8.64688,9.22465 -17.81023,18.19711 -28.7755,24.49199 -11.7765,6.76058 -25.56281,10.21099 -39.08592,8.9794 -13.52311,-1.23158 -26.69265,-7.28714 -35.858009,-17.3065 -7.747051,-8.4689 -12.406134,-19.32921 -15.595393,-30.35498 -3.189259,-11.02578 -5.043328,-22.39523 -7.998064,-33.48615 -5.019979,-18.84304 -13.188537,-36.78005 -17.456406,-55.80754 -2.133934,-9.51375 -3.276957,-19.31443 -2.486954,-29.03251 0.790003,-9.71807 3.57241,-19.37148 8.840557,-27.57585 8.224669,-12.80872 21.91655,-21.2493 36.213969,-26.4735 14.29742,-5.22421 29.43897,-7.6203 44.28136,-10.99846 28.29109,-6.4391 56.91266,-17.30183 76.33177,-38.8598 8.83702,-9.81035 15.54714,-21.82726 17.60768,-34.86912 2.06053,-13.04186 -0.87602,-27.11583 -9.28058,-37.29911 -5.65935,-6.85709 -13.50681,-11.69897 -21.88566,-14.67265 -8.37885,-2.97368 -17.29812,-4.16376 -26.18044,-4.55414 -17.76463,-0.78076 -35.74504,1.55125 -53.24698,-1.59097 -15.6182,-2.80403 -30.340014,-9.96948 -42.649264,-19.98313 -12.30925,-10.01364 -22.236167,-22.8208 -29.518959,-36.91873 -4.932305,-9.54789 -8.715541,-19.85959 -9.498464,-30.57765 -0.782924,-10.71807 1.642314,-21.90576 8.110613,-30.48777 3.732283,-4.95192 8.713351,-8.92062 14.272385,-11.6681 5.559033,-2.74747 11.685241,-4.28798 17.869877,-4.73713 12.369272,-0.89831 24.763162,2.54528 35.862412,8.07813 20.24329,10.09104 36.40026,26.76501 55.51402,38.85981 12.12662,7.67348 25.55733,13.51041 39.71342,15.86466 14.15609,2.35426 29.07187,1.10184 42.16975,-4.76186 7.93328,-3.5516 15.19967,-8.83293 20.36347,-15.82478 5.1638,-6.99185 8.11145,-15.76058 7.39356,-24.42288 -0.58712,-7.08432 -3.5926,-13.87497 -8.06813,-19.39782 -4.47553,-5.52285 -10.37415,-9.80904 -16.81112,-12.82529 -12.87394,-6.03248 -27.52468,-6.98661 -41.73759,-6.6367 -20.24059,0.49831 -40.40588,3.4349 -60.64746,2.97816 -20.24157,-0.45674 -41.15504,-4.66529 -57.31983,-16.85667 C 92.330824,129.57612 84.323606,118.63786 80.107284,106.35247 75.890961,94.067078 75.49918,80.482187 79.107476,68.004673 83.542982,52.666661 93.912179,39.325296 107.05261,30.25571 c 13.14043,-9.069586 28.91699,-13.989836 44.83772,-15.197636 31.84145,-2.415599 63.12647,9.578715 90.9835,25.189588 20.04797,11.234733 38.97346,24.427559 59.32595,35.100712 20.35249,10.673153 42.59981,18.871692 65.5806,19.025457 27.54814,0.184325 53.71729,-11.079989 79.01307,-21.991352 25.29577,-10.911363 51.66594,-21.872993 79.20186,-21.032011 20.72175,0.632869 40.9677,8.107435 58.04047,19.868049 17.07277,11.760614 31.05969,27.680163 41.88477,45.360923 18.57956,30.34628 28.01943,66.58612 24.44035,101.98791 -3.57909,35.40179 -20.59373,69.65859 -48.0338,92.31116 -26.7915,22.11716 -62.45876,32.40412 -97.14955,30.5327 -21.74834,-1.17323 -42.96884,-6.83935 -64.45194,-10.42303 -21.48311,-3.58368 -44.02763,-5.00321 -64.61813,2.09593 -21.39166,7.37536 -39.22683,23.85383 -49.44409,44.0431 -10.21726,20.18927 -12.98268,43.82438 -9.00597,66.09959 3.9767,22.2752 14.50276,43.16559 29.0225,60.52002 14.51974,17.35443 32.9422,31.24575 53.02101,41.67841 26.15955,13.59212 54.86965,21.3411 82.83082,30.68137 27.96117,9.34028 55.95708,20.70557 78.15983,40.09901 15.96766,13.94728 28.72992,32.39628 32.5391,53.25252 1.9046,10.42812 1.51817,21.32418 -1.58664,31.45993 -3.10481,10.13574 -8.97378,19.47742 -17.07395,26.31558 -7.84098,6.61935 -17.57439,10.76973 -27.61858,12.86996 -10.04419,2.10022 -20.41727,2.22189 -30.6466,1.41109 -20.45867,-1.62161 -40.57133,-6.92606 -61.08995,-7.3418 -22.52034,-0.4563 -44.81499,5.01482 -65.93584,12.84322 -21.12084,7.82841 -41.27682,18.00393 -61.74642,27.40443 -18.20466,8.36035 -36.92052,16.25909 -52.61717,28.70578 -7.84833,6.22335 -14.88023,13.57453 -20.12366,22.10873 -5.24342,8.53421 -8.65638,18.28846 -9.14234,28.29297 -0.77324,15.91879 6.04409,31.7365 17.00938,43.30232 10.96529,11.56581 25.79268,19.06167 41.30172,22.73255 31.01807,7.34178 63.42047,-0.0487 94.35245,-7.74516 45.52125,-11.32654 92.59357,-23.44082 138.78505,-15.26635 18.32508,3.24297 36.45514,9.89113 50.59187,21.99397 7.06836,6.05142 13.0552,13.42586 17.14587,21.78336 4.09068,8.3575 6.25066,17.70819 5.81833,27.00305 -0.41261,8.87076 -3.18284,17.58695 -7.72246,25.21928 -4.53963,7.63236 -10.82299,14.18526 -18.09534,19.28166 -14.54469,10.1929 -32.76309,14.3789 -50.51399,13.7888 -34.18798,-1.1365 -65.88275,-18.8559 -99.92521,-22.2056 -38.05832,-3.74488 -75.20032,10.6287 -112.4159,19.4299 -31.8204,7.5252 -64.48366,11.0386 -97.14953,12.4906 -30.98638,1.3773 -62.0545,0.9137 -92.98598,-1.3878"
       id="path1" />
    <path
       style="fill:none;stroke:#000000;stroke-width:2.052;stroke-dasharray:none"
       d="m 75.984813,1032.5607 c -9.7117,-10.5273 -13.860633,-25.9185 -10.755841,-39.90067 2.965464,-13.35472 11.888871,-24.61995 21.788381,-34.06147 9.899511,-9.44153 21.031787,-17.59556 30.256007,-27.69786 21.67642,-23.73985 31.21389,-57.84982 25.67524,-89.51637 -1.50625,-8.61182 -4.08848,-17.10983 -8.44191,-24.69137 -4.35344,-7.58155 -10.55529,-14.22706 -18.27421,-18.332 -4.19866,-2.23286 -8.80668,-3.70731 -12.7541,-6.35915 -1.97372,-1.32592 -3.774451,-2.95388 -5.07476,-4.94456 -1.30031,-1.99068 -2.078354,-4.36417 -1.948013,-6.73833 0.1089,-1.98362 0.847445,-3.90821 1.974196,-5.54437 1.12675,-1.63617 2.631077,-2.99235 4.297027,-4.07458 3.33189,-2.16446 7.24,-3.22778 11.07691,-4.25956 23.55038,-6.33289 47.11012,-12.65293 70.43341,-19.77686 23.25762,-7.10387 46.32349,-15.0257 68.35163,-25.32827 19.41169,-9.07886 38.00875,-20.01863 54.82009,-33.30842 9.3298,-7.37544 18.1413,-15.51287 25.35484,-24.96841 7.21353,-9.45555 12.80511,-20.29239 15.23978,-31.93347 2.42929,-11.61537 1.63623,-23.87186 -2.15485,-35.11667 -3.79108,-11.24482 -10.55857,-21.45542 -19.35683,-29.41838 -16.71675,-15.12968 -40.39269,-21.58488 -62.80022,-19.08294 -26.21257,2.9268 -50.17467,17.30837 -68.6986,36.08412 -6.28194,6.36734 -12.08708,13.30433 -19.31461,18.57391 -3.61377,2.63479 -7.5784,4.83505 -11.84763,6.16741 -4.26922,1.33235 -8.85653,1.77525 -13.24898,0.93392 -4.27085,-0.81804 -8.26448,-2.83099 -11.68944,-5.51036 -3.42496,-2.67937 -6.30077,-6.01222 -8.75288,-9.60339 -4.90421,-7.18235 -8.12719,-15.35306 -12.17216,-23.05213 -4.07078,-7.74821 -8.98139,-15.0295 -13.09807,-22.75342 -4.11669,-7.72392 -7.469328,-16.04837 -8.066652,-24.78045 -0.864845,-12.64289 4.447482,-25.53794 13.878502,-34.00235 7.82224,-7.02051 17.97642,-10.89605 28.17531,-13.4372 10.1989,-2.54116 20.67431,-3.898 30.80834,-6.68664 21.33448,-5.87074 40.60553,-17.99297 56.90187,-32.96144 22.61062,-20.76824 40.06045,-47.59502 47.53388,-77.37266 2.33041,-9.28544 3.69574,-18.93501 2.59066,-28.44442 -1.10508,-9.50942 -4.84297,-18.91166 -11.61171,-25.68177 -7.45998,-7.46149 -17.8954,-11.15382 -28.22849,-13.28746 -10.33308,-2.13365 -20.94306,-2.94608 -31.1021,-5.79548 -10.89759,-3.05655 -20.99729,-8.37622 -31.12911,-13.42064 -10.13183,-5.04442 -20.53292,-9.89751 -31.67112,-11.90762 -5.02732,-0.90728 -10.14134,-1.22224 -15.20306,-1.91218 -5.06173,-0.68995 -10.1416,-1.7799 -14.68443,-4.11652 -4.54282,-2.33662 -8.5386,-6.04099 -10.40243,-10.79738 -0.93192,-2.37819 -1.31059,-4.98622 -0.97652,-7.51854 0.33407,-2.53233 1.3944,-4.98114 3.10055,-6.88201 2.23273,-2.48756 5.46164,-3.93276 8.75978,-4.47617 3.29815,-0.54341 6.68091,-0.24783 9.9762,0.31262 17.59442,2.99236 32.9414,13.2182 48.92173,21.16472 21.16051,10.52246 44.06609,17.24845 67.31075,21.51168 13.57276,2.48934 27.43446,4.15744 41.1643,2.77613 13.72984,-1.3813 27.41418,-6.00034 37.94316,-14.91982 9.23592,-7.82407 15.67404,-18.67657 19.08664,-30.29003 3.4126,-11.61346 3.89908,-23.96544 2.42504,-35.97983 -1.71685,-13.9935 -6.18755,-27.87279 -14.57243,-39.20678 -6.65697,-8.99834 -15.60994,-16.15826 -25.44693,-21.49859 -9.83698,-5.34033 -20.55595,-8.91385 -31.45494,-11.46286 -20.53859,-4.80348 -41.72717,-6.02618 -62.80022,-6.93925 -20.02583,-0.8677 -40.07961,-1.47294 -60.02453,-3.46963 -8.04977,-0.80586 -16.32101,-1.91674 -23.33617,-5.9461 -3.50758,-2.014687 -6.64004,-4.760292 -8.80443,-8.177527 -2.16439,-3.417234 -3.3182,-7.528001 -2.90262,-11.551601 0.38035,-3.68253 2.05757,-7.173399 4.47142,-9.980354 2.41386,-2.806956 5.53855,-4.952476 8.90726,-6.487877 6.73743,-3.070801 14.28711,-3.719971 21.66454,-4.349527 14.08903,-1.202294 28.30347,-2.487862 42.32944,-0.693925 23.755,3.03829 45.38786,14.647994 67.31075,24.287382 21.74662,9.561881 44.2539,17.326599 65.9229,27.063089 15.83871,7.11678 31.47575,15.3662 48.57475,18.38901 15.4157,2.72523 31.3469,1.03807 46.5378,-2.74443 15.1909,-3.7825 29.77913,-9.6159 44.36641,-15.29762 11.44002,-4.45586 22.9606,-8.84389 34.93604,-11.548991 11.97545,-2.705102 24.4979,-3.688256 36.53827,-1.288626 14.44427,2.878727 27.71652,10.599267 38.19037,20.954077 10.47386,10.35482 18.23339,23.26077 23.56896,36.98868 10.53734,27.11155 11.49738,58.43926 -0.34695,85.00584 -11.11044,24.9205 -33.19332,44.52536 -58.98364,53.43225 -30.99346,10.70384 -65.03869,6.29076 -97.14955,-0.34697 -12.6789,-2.62089 -25.32359,-5.5748 -38.20027,-6.92187 -12.87669,-1.34708 -26.10184,-1.04204 -38.47847,2.7583 -13.06969,4.01315 -24.75877,11.8093 -34.65877,21.23862 -9.90001,9.42932 -18.1155,20.47985 -25.71271,31.84667 -17.50196,26.18613 -32.33077,55.60626 -33.30842,87.08763 -0.91916,29.5979 10.6978,58.62076 28.10398,82.57709 21.56881,29.68541 51.59127,52.26469 83.27102,70.78038 21.85823,12.77536 44.81856,23.87514 69.04556,31.22663 11.50095,3.48987 23.27082,6.13148 34.54531,10.29526 11.27448,4.16379 22.20356,10.00071 30.33671,18.8496 4.59397,4.99826 8.22616,10.91808 10.32263,17.37501 2.09647,6.45693 2.62982,13.45279 1.25,20.09984 -1.37982,6.64704 -4.70546,12.91991 -9.6346,17.58796 -4.92914,4.66806 -11.46915,7.67061 -18.24528,8.08439 -4.785,0.29219 -9.55127,-0.67024 -14.22548,-1.73482 -16.31259,-3.71527 -32.3156,-8.73649 -48.70113,-12.11555 -16.38554,-3.37905 -33.37392,-5.09256 -49.83623,-2.1099 -17.80873,3.22661 -34.22445,11.80381 -49.32738,21.77694 -15.10294,9.97313 -29.18676,21.43101 -44.35253,31.30832 -22.59016,14.71274 -47.82594,26.12122 -66.61683,45.4521 -12.81614,13.18444 -22.1424,29.79136 -26.39698,47.67938 -4.25457,17.88802 -3.38282,37.01256 2.80353,54.32763 7.89048,22.08479 24.244,40.70818 44.21561,53.00178 19.9716,12.2936 43.38394,18.46282 66.81243,19.51342 43.07334,1.93153 84.9089,-12.78668 127.33528,-20.47081 24.94199,-4.51741 50.29212,-6.61552 75.63783,-6.93925 9.13987,-0.11674 18.36703,0.006 27.27936,2.03593 8.91234,2.03008 17.57941,6.11642 23.72416,12.88347 3.19435,3.51786 5.65728,7.72412 6.98281,12.28725 1.32553,4.56313 1.49401,9.48174 0.30339,14.08192 -1.97387,7.62642 -7.6389,14.01872 -14.57553,17.75256 -6.93664,3.73383 -15.03549,4.96696 -22.89643,4.45306 -9.60493,-0.6279 -18.87447,-3.74419 -27.77446,-7.41013 -8.89999,-3.66594 -17.57472,-7.91256 -26.69867,-10.9789 -30.87485,-10.37628 -64.49847,-6.59626 -96.80257,-2.42875 -29.41043,3.7942 -58.79223,7.81327 -88.1285,12.14369 -26.93827,3.97645 -53.95926,8.22529 -81.18925,8.32709 -20.71682,0.077 -41.39002,-2.24906 -62.10631,-2.08176 -7.06518,0.0571 -14.12802,0.4044 -21.16471,1.04087"
       id="path2" />
    <path
       style="fill:none;stroke:#000000;stroke-width:2.052;stroke-dasharray:none"
       d="m 131.15187,999.25231 c -0.17348,0.86739 1.04089,36.08409 1.04089,36.08409"
       id="path3" />
    <path
       style="fill:none;stroke:#000000;stroke-width:2.052;stroke-dasharray:none"
       d="m 75.117406,1032.5607 -40.421144,0.1735"
       id="path4" />
    <path
       style="fill:none;stroke:#000000;stroke-width:28.766;stroke-dasharray:none"
       d="m 549.99976,3905.8083 c -21.85844,-1.303 -41.05289,-3.6764 -42.65432,-5.2739 -1.60146,-1.5979 -3.47747,-28.5706 -4.16899,-59.9397 l -1.25723,-57.0348 10.32387,-2.5911 c 5.6781,-1.4254 61.3236,-1.0771 123.65658,0.7737 147.07106,4.3667 236.167,3.8114 291.36818,-1.8156 24.47987,-2.4951 113.77575,-14.4002 198.43535,-26.4555 380.7302,-54.2147 444.1145,-61.0523 538.9358,-58.138 92.2227,2.8344 121.6899,9.8263 223.9201,53.1311 75.4414,31.9572 107.0061,39.757 152.9287,37.7897 46.4428,-1.9895 74.078,-13.7417 100.6303,-42.7943 51.0534,-55.8605 30.6738,-140.284 -43.4637,-180.0506 -39.5491,-21.2137 -68.5297,-25.893 -158.8101,-25.6419 -142.4808,0.3963 -234.1799,12.3477 -430.2522,56.0762 -139.3427,31.0765 -193.8823,40.4538 -256.436,44.0904 -136.4559,7.933 -242.0761,-16.8452 -340.72453,-79.9329 -36.89466,-23.5948 -99.66824,-88.6498 -120.99715,-125.3945 -76.54555,-131.8699 -65.69563,-284.7298 29.02289,-408.8914 40.2109,-52.7104 84.57332,-87.1746 206.34519,-160.3053 42.0805,-25.2717 111.1742,-70.7987 153.5414,-101.1711 121.8598,-87.3593 169.8047,-114.5712 237.7234,-134.9237 26.0747,-7.8135 42.4107,-9.9892 86.1088,-11.4682 69.0485,-2.337 102.8703,2.8832 235.9647,36.4196 143.0954,36.0564 166.826,34.9855 211.4549,-9.5422 19.8873,-19.8423 23.9532,-26.3651 31.0987,-49.89 27.8823,-91.7964 -30.5634,-184.3839 -144.8495,-229.4654 -15.2999,-6.0352 -54.5234,-18.5832 -87.1632,-27.8845 -107.3614,-30.5942 -170.2018,-55.2068 -253.4293,-99.2604 -135.684,-71.8195 -253.7779,-159.1305 -327.947,-242.463 -141.8766,-159.405 -185.07363,-334.3468 -124.7553,-505.2415 43.5975,-123.5208 153.0333,-281.9977 235.4087,-340.9015 27.4136,-19.6025 69.7481,-39.9833 99.8158,-48.0535 30.6791,-8.2343 96.8502,-10.9651 137.2356,-5.6634 18.3599,2.4102 70.936,11.7591 116.8358,20.7752 105.2671,20.6778 120.3003,22.9563 182.4098,27.6468 164.6829,12.4371 297.0673,-38.0136 383.6238,-146.19586 68.6086,-85.75013 95.6167,-194.80844 77.0949,-311.30896 -17.5777,-110.56267 -76.1321,-213.84796 -151.6766,-267.54537 -54.1347,-38.47919 -101.6822,-53.78391 -167.0918,-53.78391 -69.3799,0 -109.8293,10.66782 -265.0996,69.91533 -137.4896,52.46281 -222.982,65.49211 -306.5939,46.72576 -34.8398,-7.81964 -66.7715,-19.913 -143.9737,-54.52645 -38.7598,-17.37789 -106.8883,-45.9963 -151.3966,-63.59646 C 1046.6339,344.40703 973.19432,313.53307 927.94312,293.3984 766.7237,221.66322 719.40073,210.96561 599.01503,219.04244 c -76.68787,5.14508 -112.21395,11.20536 -135.59137,23.13006 -56.56236,28.85216 -66.28185,84.38231 -22.28261,127.30675 36.28951,35.40304 66.48951,40.63381 296.96416,51.43544 168.87855,7.91481 225.57118,14.33646 297.60139,33.70964 152.0933,40.90687 230.7617,128.48939 245.7309,273.57525 9.4004,91.11085 -14.2509,165.61775 -70.2624,221.34291 -49.4961,49.24301 -100.9167,67.64871 -189.3259,67.76811 -60.3645,0.082 -112.14925,-7.5747 -194.34765,-28.7338 C 752.9853,969.39522 708.4369,951.8821 617.57033,906.04747 521.40405,857.53953 487.18883,845.1831 446.9431,844.42734 c -23.24461,-0.43652 -30.11953,0.901 -41.81697,8.13547 -17.68913,10.94021 -25.68851,26.30656 -25.51266,49.00845 0.17067,22.03299 7.19653,36.10554 26.10775,52.29282 19.82275,16.96756 41.52714,23.96235 100.62748,32.42971 58.76635,8.41952 84.76671,17.29481 172.41137,58.85291 76.60044,36.3214 95.61811,42.5524 166.90821,54.6867 65.69096,11.1812 77.88323,14.2269 105.05355,26.2429 88.59217,39.1797 112.51397,134.5242 67.47827,268.9468 -47.80743,142.6955 -163.46047,274.6394 -300.49478,342.8224 -40.13386,19.969 -78.17962,31.9022 -147.1547,46.1555 -61.77867,12.7662 -83.74572,19.222 -110.62577,32.5112 -64.71304,31.9933 -98.35461,84.819 -98.24077,154.2624 0.0672,40.9655 13.08274,77.3139 51.03918,142.5364 16.30205,28.0127 39.18397,69.7587 50.84869,92.7689 42.91321,84.6517 92.19275,116.6929 152.50715,99.1591 34.89947,-10.1456 51.80419,-22.3922 112.75343,-81.6839 31.61983,-30.7599 68.33964,-63.5435 81.59957,-72.8523 109.00397,-76.524 224.3051,-96.6305 331.0033,-57.7212 38.1237,13.9024 64.6321,31.2517 97.671,63.924 52.1966,51.6174 78.6359,118.6589 74.5688,189.0821 -6.0749,105.1867 -76.2054,200.3343 -215.7901,292.7671 -139.69008,92.5027 -273.68148,144.5364 -606.30544,235.45 -100.52093,27.4746 -116.97707,34.9199 -127.85612,57.8457 -14.55014,30.6622 2.5004,55.4796 57.54091,83.752 58.71821,30.1615 88.33043,68.8616 108.09292,141.2664 7.30031,26.7465 8.38944,39.3146 8.14012,93.9322 -0.3152,69.0386 -4.40898,91.211 -27.52866,149.0975 -26.12666,65.4155 -56.88545,104.439 -142.30689,180.5442 -68.50613,61.0347 -92.53171,88.9479 -112.1379,130.2831 -26.25006,55.3424 -23.09389,122.5578 7.96428,169.6107 5.02064,7.6062 9.12843,14.6998 9.12843,15.7635 0,1.0638 -30.85399,1.9339 -68.56443,1.9339 h -68.56443 l -10.75484,-21.3271 c -43.10731,-85.483 -41.740207,-192.1302 3.57787,-279.1076 30.45404,-58.4495 68.78261,-99.3868 172.4995,-184.2403 69.72194,-57.0414 93.5695,-82.3716 111.13886,-118.0491 44.13965,-89.6326 12.16009,-157.6605 -114.59593,-243.772 -95.11355,-64.6152 -123.98466,-98.9025 -127.76469,-151.7334 -1.57443,-22.0047 -0.53099,-27.8562 8.12052,-45.5393 12.53444,-25.6195 43.29417,-54.0558 74.67069,-69.0304 13.13871,-6.2705 46.85136,-17.2831 74.91699,-24.4724 28.06563,-7.1894 77.73374,-21.2325 110.37357,-31.2071 82.23178,-25.1295 111.56749,-31.5429 194.72624,-42.5713 153.17516,-20.3138 178.70036,-30.1254 300.43479,-115.4837 64.66287,-45.3406 79.72344,-54.9845 129.81754,-83.1277 64.4698,-36.2197 95.9286,-74.965 99.2067,-122.185 5.3135,-76.5384 -74.8726,-142.3622 -160.3736,-131.6488 -73.90944,9.2609 -124.06684,41.7626 -220.72257,143.0266 -66.37402,69.5387 -103.27887,101.2687 -138.64487,119.2041 -92.22424,46.7704 -192.60004,34.9386 -258.21384,-30.437 -39.85957,-39.7149 -56.84094,-79.3454 -83.43862,-194.7263 -7.52416,-32.6398 -25.98445,-96.0649 -41.02286,-140.9447 -35.01472,-104.4959 -42.31126,-134.9096 -45.00459,-187.5896 -3.96867,-77.6249 13.1948,-126.1581 61.57476,-174.1152 46.64308,-46.2354 99.20011,-69.0167 217.65688,-94.3451 73.56624,-15.7299 129.45534,-31.0325 169.0163,-46.277 126.52748,-48.7564 213.37546,-131.5207 239.00014,-227.7618 5.95984,-22.3841 6.63037,-75.1423 1.25151,-98.4741 -15.6265,-67.7831 -71.87376,-117.1848 -153.09715,-134.4646 -28.16914,-5.9928 -48.58828,-7.2157 -119.29505,-7.1448 -89.28284,0.09 -133.72697,-3.2373 -170.07635,-12.7311 -102.70956,-26.8259 -193.53066,-104.4766 -246.99542,-211.17725 -38.8021,-77.43818 -43.99752,-145.76506 -15.34519,-201.81068 23.85941,-46.67043 83.31277,-78.52509 146.39744,-78.43863 10.43151,0.0143 32.72477,3.32444 49.54059,7.3559 55.30255,13.25834 99.29588,38.45491 191.97007,109.94827 65.66796,50.65946 89.08155,65.95166 133.36564,87.10572 49.91067,23.8418 86.35,33.13603 139.65948,35.62152 53.12314,2.47684 88.05035,-4.2358 132.39638,-25.4452 54.45962,-26.0464 88.94662,-69.46356 98.23142,-123.66763 C 1102.3574,673.47594 1045.5834,602.44017 953.23135,576.71773 920.65732,567.645 833.48584,565.51908 743.66882,571.60689 600.83507,581.28816 532.32274,576.73905 465.65504,553.14725 369.84368,519.24233 305.25488,438.71772 296.29914,342.0067 284.55786,215.21536 385.44454,98.141733 532.04445,68.436795 c 48.77391,-9.882863 133.00511,-6.032545 189.83773,8.677733 82.07626,21.244215 148.03163,52.013542 268.43989,125.231932 110.13753,66.97292 150.22363,89.5049 194.72623,109.45358 78.1048,35.01115 136.1943,48.86768 205.8535,49.10375 83.003,0.28128 146.01,-16.76419 294.6086,-79.70131 141.2698,-59.83307 196.6157,-76.07007 271.9508,-79.78294 110.7534,-5.45848 214.7104,35.85338 304.1476,120.86633 92.2134,87.65169 155.112,203.52073 183.4422,337.92884 9.5154,45.14415 9.4632,170.40765 -0.09,215.12614 -22.256,104.18466 -69.7886,193.88115 -139.5807,263.39605 -85.7701,85.4294 -189.4078,132.0148 -321.3778,144.46 -66.0791,6.2314 -107.4238,1.6395 -283.3936,-31.4752 -90.8738,-17.101 -174.6747,-21.2715 -227.4105,-11.3175 -138.1068,26.0677 -234.1869,118.8754 -274.1229,264.7862 -6.5625,23.9771 -7.819,39.1267 -7.9015,95.2739 -0.089,60.2908 0.8267,70.1794 9.4425,101.9995 43.9223,162.2158 149.9866,284.7295 320.4032,370.094 52.0916,26.0936 105.4902,46.3288 237.0798,89.8407 131.7953,43.58 171.4334,58.7129 227.1931,86.7373 110.6051,55.5892 184.2552,123.5708 225.4784,208.124 20.7272,42.5138 28.68,75.9055 28.7098,120.5448 0.043,65.0004 -20.9439,116.3993 -64.1838,157.1896 -67.217,63.4091 -143.4924,74.8127 -324.4707,48.5102 -85.6859,-12.4532 -97.5145,-13.3436 -155.781,-11.7261 -88.3938,2.4537 -153.2604,17.1957 -255.9259,58.1633 -60.7546,24.2436 -288.9961,130.0218 -330.1073,152.9879 -81.971,45.7916 -134.0733,95.7701 -163.04,156.394 -12.98505,27.1762 -24.317,72.8773 -24.20377,97.6122 0.11984,26.168 10.8566,65.8443 26.38968,97.5195 12.46845,25.4258 21.6333,37.6284 47.35746,63.0542 57.46623,56.7998 120.00163,83.7214 215.36333,92.7143 76.8429,7.2465 150.926,-3.2105 327.6508,-46.2488 161.6305,-39.3624 226.6909,-51.1102 319.5923,-57.7081 175.8816,-12.4914 328.4495,37.7975 397.6866,131.084 109.1955,147.1244 12.1348,328.539 -187.8993,351.1992 -63.3318,7.1741 -110.5172,-0.625 -255.0819,-42.1625 -124.2283,-35.6943 -151.6827,-40.7178 -221.636,-40.5543 -64.8499,0.1517 -120.6114,8.5009 -209.5625,31.3773 -31.6198,8.1321 -90.0377,23.1312 -129.8175,33.3319 -115.7155,29.6722 -223.4532,45.741 -368.98929,55.0338 -63.14182,4.0313 -266.6983,4.1734 -332.82255,0.2321 z"
       id="path5"
       transform="scale(0.26458333)" />
    <path
       style="fill:#000000;stroke:#000000;stroke-width:40.6813;stroke-dasharray:none"
       d="m 547.21263,3888.6059 -24.53805,-2.2943 -1.68905,-45.1008 -1.68904,-45.1007 159.98528,3.5736 c 212.92746,4.7562 188.55934,7.0562 729.11323,-68.8175 80.8045,-11.3419 117.6641,-13.6933 220.3076,-14.0538 l 123.2674,-0.433 60.3223,21.7976 c 33.1773,11.9886 82.3069,30.3849 109.1769,40.8806 111.0109,43.3618 203.8317,26.7255 246.1668,-44.1206 14.3454,-24.0062 17.081,-33.7696 17.081,-60.9597 0,-39.5035 -9.6854,-64.0444 -36.9495,-93.6225 -44.8458,-48.6519 -111.5899,-63.8649 -256.7939,-58.5312 -104.4056,3.8351 -200.0991,16.4972 -325.216,43.0324 -181.9335,38.5852 -244.706,49.7393 -306.4391,54.4513 -160.0135,12.2135 -291.27263,-27.59 -383.74664,-116.3688 -54.11893,-51.9563 -78.39053,-87.7817 -97.98417,-144.6268 -30.70065,-89.0685 -24.21841,-172.9948 20.33062,-263.224 32.65294,-66.135 89.94246,-124.5669 172.48422,-175.9234 61.41887,-38.2142 200.23507,-129.5563 291.12077,-191.5596 113.9631,-77.7471 172.7372,-97.1635 280.6299,-92.7077 57.1888,2.3617 83.7243,6.6534 164.4722,26.6005 125.5098,31.0048 169.8423,37.7248 198.0669,30.0233 44.2721,-12.0803 87.1968,-58.4062 96.748,-104.414 13.6303,-65.6568 -8.9276,-130.94 -62.3284,-180.3797 -40.0593,-37.0878 -78.7641,-55.2489 -192.5718,-90.3587 -52.0311,-16.0517 -109.8619,-35.3591 -128.5128,-42.9055 -54.679,-22.1236 -144.9265,-68.9414 -204.2983,-105.9839 -195.1762,-121.772 -308.8305,-249.6893 -359.8578,-405.0182 -13.2148,-40.2263 -14.6779,-52.0233 -14.9626,-120.6446 -0.2725,-65.662 1.3653,-81.4362 11.9813,-115.3992 36.6769,-117.3381 113.8648,-244.3152 200.9046,-330.4961 65.0229,-64.3811 150.4475,-95.2967 240.7451,-87.1267 18.8723,1.7075 84.9645,12.956 146.8718,24.9967 108.3825,21.0797 116.4508,21.9033 217.467,22.1959 100.3068,0.2907 106.979,-0.335 152.1171,-14.2625 219.4021,-67.6974 333.0285,-276.01394 274.8468,-503.88916 -34.8132,-136.34995 -123.6217,-241.5794 -235.5061,-279.05204 -21.6199,-7.24097 -44.6243,-9.66693 -91.7949,-9.68033 -75.7615,-0.0215 -98.3683,5.34045 -236.0438,55.98587 -211.2974,77.72798 -279.831,83.4347 -401.7268,33.45135 C 1220.1342,398.09406 1045.8054,324.94077 934.44434,277.26573 770.78879,207.2028 753.00315,202.57233 647.80926,202.6406 c -100.5324,0.0652 -154.13555,7.34085 -193.03664,26.20103 -61.89822,30.00972 -75.88563,96.00959 -31.1464,146.96477 37.79052,43.04101 66.51462,48.6984 315.97787,62.23377 80.77945,4.38294 165.75524,10.39229 188.83509,13.35412 137.81582,17.68589 240.52362,66.78477 287.38342,137.38211 41.8272,63.01539 60.596,164.48356 43.6863,236.17758 -10.9697,46.50961 -23.1985,69.56354 -55.8491,105.28863 -70.08,76.67869 -181.7153,89.69639 -365.42604,42.61194 -77.30935,-19.81409 -129.77445,-40.2044 -220.75751,-85.79638 -93.76118,-46.98411 -134.37838,-59.93977 -179.86009,-57.36978 -35.65934,2.01493 -38.43434,3.11452 -55.86731,22.13714 -17.64779,19.25709 -18.26328,21.2868 -16.21402,53.4697 1.80215,28.30229 4.51553,35.96359 17.62356,49.76041 23.866,25.12021 48.56219,35.13167 116.0127,47.02976 47.19458,8.325 76.55918,17.269 122.41107,37.284 130.3954,56.9196 146.23326,62.3973 225.99427,78.1619 86.95347,17.1862 122.90095,32.1888 144.27625,60.2132 22.43142,29.4091 30.09162,54.8483 29.96582,99.515 -0.4539,161.1751 -139.11324,357.29 -315.03987,445.5815 -35.07014,17.6005 -73.56082,29.1802 -180.20527,54.2136 -24.84752,5.8326 -58.84142,17.2954 -75.54199,25.4729 -97.53842,47.7599 -132.33493,153.8288 -84.72488,258.2637 22.93872,50.3172 106.04302,196.2206 123.14315,216.1982 27.3431,31.9443 58.44526,47.7785 94.51558,48.1182 48.55128,0.4574 77.60177,-16.2893 161.46008,-93.0766 78.61614,-71.9872 121.39138,-100.7768 181.40957,-122.0968 45.52672,-16.1722 122.08603,-21.6009 168.56233,-11.9525 96.9243,20.1215 180.842,103.4674 198.0195,196.6706 20.6308,111.9394 -49.5267,224.8664 -203.7032,327.8849 -127.94493,85.491 -239.75371,130.8567 -525.83095,213.3524 -85.10692,24.5422 -164.18162,48.8256 -175.72154,53.9631 -29.47444,13.1219 -40.47144,27.5873 -43.2925,56.9466 -2.08612,21.7108 -0.45019,27.5507 11.79397,42.102 7.81882,9.2922 30.9658,26.8457 51.43772,39.0078 45.51477,27.0399 67.78456,48.7122 85.0343,82.7529 34.43189,67.948 38.07217,174.2609 8.86806,258.9878 -27.41343,79.5317 -46.46416,104.1754 -176.82011,228.7309 -45.91279,43.8698 -61.89121,63.1136 -78.39619,94.4176 -18.79866,35.6541 -20.92471,43.7159 -22.81867,86.5261 -1.68787,38.1519 -0.0718,52.492 8.42397,74.7473 l 10.51253,27.5384 H 194.2225 145.54091 l -10.61872,-24.9157 c -17.57721,-41.2431 -22.08878,-64.5818 -22.05417,-114.0879 0.0803,-114.8786 40.87803,-180.9735 190.87426,-309.2283 100.6714,-86.0794 120.4687,-110.2727 136.94357,-167.3521 23.12732,-80.1276 -14.97298,-144.548 -136.45154,-230.7139 -91.78313,-65.1026 -118.02193,-97.0528 -118.02193,-143.7119 0,-26.8427 23.7713,-60.1527 57.88074,-81.1065 40.37817,-24.8047 279.32702,-89.7745 390.60259,-106.2041 158.70765,-23.4329 179.81763,-31.4772 304.26546,-115.9457 43.65726,-29.6322 99.27703,-65.6816 123.59953,-80.1098 59.1604,-35.0941 85.1772,-58.4643 101.4593,-91.1383 44.6912,-89.6834 -22.5875,-189.9978 -132.2487,-197.1868 -86.44208,-5.6669 -141.04878,24.6676 -265.35677,147.4079 -91.53566,90.3814 -120.85577,112.5663 -171.34253,129.6459 -27.27562,9.2274 -41.92448,10.9651 -75.77551,8.989 -51.81346,-3.0247 -82.65989,-15.9036 -118.59239,-49.5143 -39.05781,-36.534 -56.25075,-75.5915 -86.12944,-195.662 -7.53802,-30.2923 -28.29119,-101.1054 -46.11815,-157.3625 l -32.41265,-102.2857 v -70.8132 c 0,-66.4238 0.85874,-72.4395 13.85417,-97.0509 19.57055,-37.0638 65.34592,-78.3346 110.64295,-99.7552 23.82467,-11.2665 75.47043,-26.9639 137.77383,-41.8756 118.03311,-28.2501 170.57201,-44.8308 220.3076,-69.5269 96.21337,-47.7746 160.97006,-113.9513 192.46907,-196.6897 15.99784,-42.0216 14.69409,-120.0872 -2.63777,-157.945 -24.63107,-53.8013 -66.40459,-88.6904 -131.00812,-109.4173 -26.70144,-8.5667 -55.36199,-11.227 -158.48614,-14.7105 -140.24463,-4.7375 -165.04711,-9.2057 -225.06939,-40.5458 C 346.15316,1077.8718 274.83797,1008.2195 244.85624,957.23852 162.432,817.08418 191.77987,700.14653 315.16369,677.0959 c 65.5614,-12.24816 133.93797,16.73803 259.73547,110.10722 129.89769,96.41238 198.46996,125.20501 298.67241,125.40874 101.32702,0.20599 180.12733,-41.35279 215.79823,-113.8107 32.4851,-65.98669 20.4404,-132.19185 -33.2876,-182.96855 -27.9018,-26.36916 -50.7138,-39.89393 -88.30238,-52.35283 -31.37191,-10.39833 -86.49428,-11.8153 -309.47973,-7.95547 -101.46529,1.75635 -116.80336,0.86104 -152.92554,-8.92647 C 430.50201,526.31068 378.08932,489.70074 345.08179,434.63435 281.7215,328.93054 315.99821,203.59921 428.73957,128.74315 531.5813,60.460084 679.92019,64.072035 839.26705,138.73922 c 25.96483,12.16666 97.9582,52.41601 159.98529,89.44299 128.03356,76.42947 198.70066,111.50574 265.68516,131.87529 41.1895,12.52547 55.2787,14.15456 125.0986,14.46475 98.2782,0.43664 128.5775,-7.3908 305.922,-79.03122 153.2075,-61.88999 202.4523,-75.18343 278.5127,-75.18343 58.2651,0 96.0411,7.1468 143.8335,27.21164 156.7342,65.80222 291.5235,259.29231 313.5642,450.1215 7.3427,63.57411 2.141,155.44327 -11.6261,205.32925 -42.8029,155.09961 -155.8773,280.91991 -298.3887,332.02341 -106.8842,38.3278 -197.2121,41.2231 -356.7702,11.4356 -221.6837,-41.3857 -310.0901,-37.0817 -411.2391,20.0203 -92.9404,52.4681 -162.2882,159.0992 -176.9508,272.0846 -26.7431,206.0744 83.2169,403.5225 292.3647,524.9801 62.0149,36.0138 118.1066,58.7968 285.3344,115.8959 82.2219,28.0743 171.2613,61.2146 197.8653,73.6453 138.1604,64.5549 227.795,153.035 259.2783,255.9383 8.6401,28.2402 10.4835,45.4595 8.7495,81.728 -2.8381,59.3603 -18.5809,93.2373 -62.0144,133.4491 -61.5502,56.9846 -122.8799,65.9306 -297.3161,43.3687 -225.7805,-29.2028 -299.7988,-14.7609 -576.6658,112.5147 -55.1657,25.3597 -122.4382,57.2018 -149.4945,70.7603 -129.5594,64.9254 -196.81985,136.2394 -222.17867,235.5685 -10.06009,39.4048 -10.05028,60.8759 0.0455,99.6361 15.96223,61.2831 42.80278,102.2628 94.25867,143.9122 61.7081,49.9478 127.91,72.683 225.553,77.4597 73.6521,3.603 124.0244,-4.0625 314.175,-47.8103 173.1485,-39.8361 215.339,-47.5535 300.3096,-54.9316 197.3134,-17.1329 361.7389,46.5103 417.3947,161.5584 14.8028,30.5993 16.8448,40.1242 17.0131,79.359 0.162,37.7381 -1.9862,49.2332 -13.9871,74.8429 -42.313,90.2956 -159.9682,145.7058 -276.9423,130.4271 -24.5223,-3.203 -101.2365,-21.4731 -170.4761,-40.6002 -124.2913,-34.3349 -126.9114,-34.8102 -206.3177,-37.4276 -98.6508,-3.2518 -121.3809,0.098 -297.2425,43.8083 -242.1207,60.1787 -322.11608,70.3924 -569.12795,72.666 -96.64685,0.8895 -186.76366,0.5849 -200.25959,-0.6769 z"
       id="path14"
       transform="scale(0.26458333)" />
  </g>
</svg>
